34.90680480, 	 -76.89299480, 	 0.0000, 	 1111.0000, 	 2, 
34.90679900, 	 -76.89341620, 	 0.0000, 	 2222.0000, 	 3, 
34.90687800, 	 -76.89349920, 	 0.0000, 	 3333.0000, 	 2, 
34.90679700, 	 -76.89303420, 	 0.0000, 	 4444.0000, 	 3, 
34.90695300, 	 -76.89309920, 	 0.0000, 	 5555.0000, 	 2, 
34.90684700, 	 -76.89318720, 	 0.0000, 	 6666.0000, 	 3, 
34.90700000, 	 -76.89279720, 	 0.0000, 	 7777.0000, 	 2, 
34.90684700, 	 -76.89255520, 	 0.0000, 	 8888.0000, 	 3, 
34.90653700, 	 -76.89243950, 	 0.0000, 	 9999.0000, 	 2, 
34.90643600, 	 -76.89274350, 	 0.0000, 	 6969.0000, 	 3, 
34.90721600, 	 -76.89318720, 	 0.0000, 	 1234.0000, 	 2, 
